XaHpf_z51huQS_JPHs-jkPhBp0dLlxFJwt-sPLpGJB0.jpg 7
538 252 275 329
260 609 269 331
825 532 204 306
991 258 240 252
1039 588 233 257
1294 208 200 254
1448 511 310 309
image1170x530cropped.jpg 7
307 215 87 123
73 138 112 134
890 228 97 108
887 7 54 55
464 347 168 64
463 3 82 46
503 101 105 140
211743904.jpg 13
58 16 132 143
343 23 123 155
595 45 104 127
61 302 117 121
314 321 131 139
579 316 105 112
46 587 113 102
340 609 104 81
598 589 108 101
211 217 127 83
503 486 92 125
642 225 113 108
103 6 79 49

